%YAML:1.0
m: !!opencv-matrix
   rows: 9
   cols: 6
   dt: "2f"
   data: [ 1.77435074e+002, 1.59712601e+002, 1.75414032e+002,
       1.95027237e+002, 1.76715088e+002, 2.31600281e+002,
       1.80293640e+002, 2.67898804e+002, 1.85763123e+002,
       3.01490479e+002, 1.92718124e+002, 3.31431213e+002,
       2.03858871e+002, 1.52520264e+002, 2.01790192e+002,
       1.90656326e+002, 2.02647644e+002, 2.30674255e+002,
       2.06101501e+002, 2.70332703e+002, 2.11440475e+002,
       3.06507324e+002, 2.18279678e+002, 3.38350555e+002,
       2.36531845e+002, 1.45291565e+002, 2.35181412e+002,
       1.86402939e+002, 2.35712967e+002, 2.29804047e+002,
       2.38785049e+002, 2.72532410e+002, 2.43268173e+002,
       3.11457306e+002, 2.48369278e+002, 3.45016266e+002,
       2.76192657e+002, 1.38765167e+002, 2.75460114e+002,
       1.82466187e+002, 2.76409485e+002, 2.28962555e+002,
       2.78371490e+002, 2.74569489e+002, 2.81440460e+002,
       3.15401642e+002, 2.84556885e+002, 3.50169708e+002,
       3.21293762e+002, 1.34485901e+002, 3.21858551e+002,
       1.79590927e+002, 3.22530548e+002, 2.28432297e+002,
       3.23377045e+002, 2.75888031e+002, 3.23804382e+002,
       3.17775055e+002, 3.24461823e+002, 3.53383606e+002,
       3.68907471e+002, 1.32899155e+002, 3.70983215e+002,
       1.78670319e+002, 3.71495056e+002, 2.28142014e+002,
       3.70542297e+002, 2.76358582e+002, 3.68457367e+002,
       3.18596893e+002, 3.65572723e+002, 3.53938690e+002,
       4.15097198e+002, 1.34868256e+002, 4.18374542e+002,
       1.79750977e+002, 4.18690399e+002, 2.28375351e+002,
       4.16344727e+002, 2.75410461e+002, 4.11622864e+002,
       3.17574524e+002, 4.05827789e+002, 3.52505341e+002,
       4.55456665e+002, 1.39460449e+002, 4.59621063e+002,
       1.82704498e+002, 4.59761230e+002, 2.28665146e+002,
       4.56448792e+002, 2.73700226e+002, 4.50166077e+002,
       3.14117065e+002, 4.42350677e+002, 3.48640381e+002,
       4.89200439e+002, 1.45691330e+002, 4.93421509e+002,
       1.86528976e+002, 4.93541992e+002, 2.29496811e+002,
       4.89631012e+002, 2.71630676e+002, 4.82568024e+002,
       3.09841461e+002, 4.73696320e+002, 3.43178314e+002 ]
