%YAML:1.0
m: !!opencv-matrix
   rows: 9
   cols: 6
   dt: "2f"
   data: [ 1.84623962e+002, 1.65998260e+002, 1.83381088e+002,
       1.99587524e+002, 1.83844315e+002, 2.34505661e+002,
       1.86737732e+002, 2.68590088e+002, 1.91654205e+002,
       3.00852142e+002, 1.97608246e+002, 3.29912781e+002,
       2.11733398e+002, 1.60678696e+002, 2.10521393e+002,
       1.96458801e+002, 2.11524323e+002, 2.33606934e+002,
       2.13945450e+002, 2.70575500e+002, 2.18464310e+002,
       3.04428528e+002, 2.23642960e+002, 3.35174103e+002,
       2.44431931e+002, 1.55670547e+002, 2.43463379e+002,
       1.93396378e+002, 2.44205292e+002, 2.32926636e+002,
       2.46408371e+002, 2.71634430e+002, 2.49948990e+002,
       3.07378601e+002, 2.54106033e+002, 3.39348694e+002,
       2.81750397e+002, 1.51837173e+002, 2.81496460e+002,
       1.90903885e+002, 2.82218903e+002, 2.32405243e+002,
       2.83579437e+002, 2.72697601e+002, 2.85664581e+002,
       3.09468781e+002, 2.88186127e+002, 3.42322632e+002,
       3.22442383e+002, 1.49569611e+002, 3.22781891e+002,
       1.89532730e+002, 3.23475830e+002, 2.31577972e+002,
       3.23770294e+002, 2.73284637e+002, 3.24507751e+002,
       3.10546478e+002, 3.24614349e+002, 3.43461060e+002,
       3.63476135e+002, 1.49512711e+002, 3.64959198e+002,
       1.89467178e+002, 3.65457214e+002, 2.31431366e+002,
       3.64669373e+002, 2.72550568e+002, 3.63479858e+002,
       3.10238129e+002, 3.61529022e+002, 3.42536133e+002,
       4.02919647e+002, 1.51486221e+002, 4.04950409e+002,
       1.90502090e+002, 4.05361115e+002, 2.31368607e+002,
       4.03661194e+002, 2.71437317e+002, 4.00797699e+002,
       3.08229309e+002, 3.96829498e+002, 3.40247498e+002,
       4.37585602e+002, 1.54946213e+002, 4.40375641e+002,
       1.92423370e+002, 4.40490112e+002, 2.31414032e+002,
       4.38330292e+002, 2.69636688e+002, 4.34279114e+002,
       3.04879669e+002, 4.28854919e+002, 3.36348541e+002,
       4.67438110e+002, 1.59637833e+002, 4.70257660e+002,
       1.94910355e+002, 4.70385590e+002, 2.31577988e+002,
       4.67627167e+002, 2.67728119e+002, 4.62883789e+002,
       3.01433075e+002, 4.56742188e+002, 3.31316193e+002 ]
