%YAML:1.0
m: !!opencv-matrix
   rows: 9
   cols: 6
   dt: "2f"
   data: [ 2.00849579e+002, 5.91348076e+001, 2.07423920e+002,
       7.91862564e+001, 2.14222488e+002, 9.90947189e+001,
       2.21234955e+002, 1.18346001e+002, 2.28172455e+002,
       1.35732101e+002, 2.35216034e+002, 1.51493500e+002,
       2.24424988e+002, 5.06155052e+001, 2.30371506e+002,
       7.23181229e+001, 2.36369614e+002, 9.35860214e+001,
       2.42518326e+002, 1.14172119e+002, 2.48494949e+002,
       1.32830170e+002, 2.54466431e+002, 1.49712982e+002,
       2.51087173e+002, 4.33516159e+001, 2.56008942e+002,
       6.63549576e+001, 2.61149475e+002, 8.87857742e+001,
       2.66115845e+002, 1.10497765e+002, 2.70851868e+002,
       1.30328690e+002, 2.75492310e+002, 1.48329727e+002,
       2.80558441e+002, 3.76526909e+001, 2.84469788e+002,
       6.16304932e+001, 2.88180786e+002, 8.52371063e+001,
       2.91589813e+002, 1.07691216e+002, 2.94999817e+002,
       1.28377975e+002, 2.98029205e+002, 1.46745239e+002,
       3.12422333e+002, 3.43647118e+001, 3.14512909e+002,
       5.89442139e+001, 3.16612518e+002, 8.32376328e+001,
       3.18364227e+002, 1.06226280e+002, 3.20013000e+002,
       1.27242332e+002, 3.21429596e+002, 1.46228790e+002,
       3.45178467e+002, 3.36262589e+001, 3.45520996e+002,
       5.85968971e+001, 3.45632172e+002, 8.27534790e+001,
       3.45642883e+002, 1.05791306e+002, 3.45490417e+002,
       1.26915756e+002, 3.45349121e+002, 1.45936356e+002,
       3.77784119e+002, 3.57898407e+001, 3.76519714e+002,
       6.04459724e+001, 3.74798065e+002, 8.44985199e+001,
       3.72785889e+002, 1.07204956e+002, 3.70915771e+002,
       1.27843018e+002, 3.68854218e+002, 1.46634186e+002,
       4.08735657e+002, 4.05573959e+001, 4.06085541e+002,
       6.45587158e+001, 4.02651855e+002, 8.76878815e+001,
       3.99057739e+002, 1.09736679e+002, 3.95315674e+002,
       1.29904007e+002, 3.91704712e+002, 1.48138123e+002,
       4.37379822e+002, 4.76100883e+001, 4.33368530e+002,
       7.04021606e+001, 4.28622223e+002, 9.24838791e+001,
       4.23573120e+002, 1.13489807e+002, 4.18430145e+002,
       1.32678848e+002, 4.13484039e+002, 1.50328812e+002 ]
