%YAML:1.0
m: !!opencv-matrix
   rows: 9
   cols: 6
   dt: "2f"
   data: [ 4.34623749e+002, 2.91391487e+001, 4.25323792e+002,
       5.24376106e+001, 4.15486786e+002, 7.60094910e+001,
       4.05674042e+002, 9.88294449e+001, 3.96632050e+002,
       1.19695145e+002, 3.88283356e+002, 1.38658783e+002,
       4.66404694e+002, 4.62233047e+001, 4.55120483e+002,
       6.94662247e+001, 4.42883514e+002, 9.28663940e+001,
       4.30755066e+002, 1.15351471e+002, 4.19504822e+002,
       1.35760117e+002, 4.09089386e+002, 1.54006287e+002,
       4.97003662e+002, 6.73009033e+001, 4.84172333e+002,
       8.98782349e+001, 4.70113770e+002, 1.12450127e+002,
       4.55718384e+002, 1.33964905e+002, 4.42346893e+002,
       1.53420334e+002, 4.29761658e+002, 1.70641586e+002,
       5.25208862e+002, 9.18252869e+001, 5.10932922e+002,
       1.13162231e+002, 4.95406616e+002, 1.34168945e+002,
       4.79484833e+002, 1.54222534e+002, 4.64320892e+002,
       1.72171158e+002, 4.50193939e+002, 1.88114502e+002,
       5.49362671e+002, 1.18448235e+002, 5.34287842e+002,
       1.37808533e+002, 5.17659058e+002, 1.56933411e+002,
       5.00720245e+002, 1.74974625e+002, 4.84408783e+002,
       1.91294632e+002, 4.69036438e+002, 2.05516541e+002,
       5.68858643e+002, 1.45477280e+002, 5.53514526e+002,
       1.62959717e+002, 5.36565247e+002, 1.79751114e+002,
       5.19123291e+002, 1.95637604e+002, 5.02206665e+002,
       2.09961060e+002, 4.86094177e+002, 2.22526779e+002,
       5.83981506e+002, 1.71835037e+002, 5.68760498e+002,
       1.87438278e+002, 5.51918335e+002, 2.02198959e+002,
       5.34490234e+002, 2.15727661e+002, 5.17454651e+002,
       2.28236481e+002, 5.01208221e+002, 2.39053802e+002,
       5.94833984e+002, 1.96296265e+002, 5.80308167e+002,
       2.10130371e+002, 5.63915344e+002, 2.22900757e+002,
       5.46830261e+002, 2.34693314e+002, 5.30260925e+002,
       2.45169540e+002, 5.13931091e+002, 2.54555634e+002,
       6.02438965e+002, 2.18347015e+002, 5.88586365e+002,
       2.30529770e+002, 5.73107056e+002, 2.41811523e+002,
       5.56815247e+002, 2.52157562e+002, 5.40561523e+002,
       2.61097565e+002, 5.24912842e+002, 2.68931488e+002 ]
