%YAML:1.0
m: !!opencv-matrix
   rows: 9
   cols: 6
   dt: "2f"
   data: [ 4.23877960e+002, 3.91782959e+002, 4.33970215e+002,
       4.08273346e+002, 4.44305573e+002, 4.25066895e+002,
       4.54594299e+002, 4.41928833e+002, 4.64344452e+002,
       4.57721619e+002, 4.72862335e+002, 4.72175323e+002,
       4.44259003e+002, 3.76967072e+002, 4.55469452e+002,
       3.92477112e+002, 4.67072601e+002, 4.08639587e+002,
       4.78535858e+002, 4.25040009e+002, 4.89244629e+002,
       4.40446625e+002, 4.98558136e+002, 4.54521881e+002,
       4.63471252e+002, 3.60670258e+002, 4.75983582e+002,
       3.75388763e+002, 4.88692200e+002, 3.90446228e+002,
       5.01299957e+002, 4.05705383e+002, 5.12751892e+002,
       4.20488251e+002, 5.22741821e+002, 4.34024597e+002,
       4.81478760e+002, 3.43425629e+002, 4.94911743e+002,
       3.56859680e+002, 5.08530243e+002, 3.70940613e+002,
       5.21807434e+002, 3.84944885e+002, 5.34081848e+002,
       3.98595734e+002, 5.44594666e+002, 4.11350464e+002,
       4.97747589e+002, 3.25542969e+002, 5.11845032e+002,
       3.38072754e+002, 5.25941711e+002, 3.50710144e+002,
       5.39699341e+002, 3.63568146e+002, 5.52304749e+002,
       3.75850342e+002, 5.63133728e+002, 3.87569702e+002,
       5.12271851e+002, 3.07851440e+002, 5.26525818e+002,
       3.18936615e+002, 5.40832642e+002, 3.30522766e+002,
       5.54607483e+002, 3.42220001e+002, 5.67334167e+002,
       3.53370605e+002, 5.78090210e+002, 3.64078125e+002,
       5.24662781e+002, 2.90446503e+002, 5.39169189e+002,
       3.00302338e+002, 5.53412537e+002, 3.10590698e+002,
       5.66971863e+002, 3.21241302e+002, 5.79336121e+002,
       3.31340088e+002, 5.89884216e+002, 3.41197784e+002,
       5.35376770e+002, 2.74134460e+002, 5.49507446e+002,
       2.82474182e+002, 5.63480164e+002, 2.91629456e+002,
       5.76685608e+002, 3.01021576e+002, 5.88606995e+002,
       3.10448792e+002, 5.99122375e+002, 3.19375153e+002,
       5.44240479e+002, 2.58610565e+002, 5.58026306e+002,
       2.65854645e+002, 5.71492981e+002, 2.73806030e+002,
       5.84340881e+002, 2.82251160e+002, 5.95848206e+002,
       2.90639587e+002, 6.05715515e+002, 2.99123627e+002 ]
