%YAML:1.0
m: !!opencv-matrix
   rows: 9
   cols: 6
   dt: "2f"
   data: [ 2.37643311e+002, 3.36274628e+002, 2.33461838e+002,
       3.54774963e+002, 2.29371353e+002, 3.74581665e+002,
       2.25497208e+002, 3.94971863e+002, 2.22285156e+002,
       4.15489471e+002, 2.19812592e+002, 4.35654358e+002,
       2.57807617e+002, 3.37813904e+002, 2.54399139e+002,
       3.57337280e+002, 2.50935333e+002, 3.77760376e+002,
       2.47856857e+002, 3.99342621e+002, 2.45384338e+002,
       4.20881866e+002, 2.43308624e+002, 4.41884460e+002,
       2.79373749e+002, 3.39141724e+002, 2.76856506e+002,
       3.58972198e+002, 2.74585358e+002, 3.80401581e+002,
       2.72504456e+002, 4.02599579e+002, 2.70505463e+002,
       4.25076080e+002, 2.68942169e+002, 4.46877625e+002,
       3.02438019e+002, 3.39473328e+002, 3.01014038e+002,
       3.59883087e+002, 2.99554779e+002, 3.81682007e+002,
       2.98465790e+002, 4.04661224e+002, 2.97507111e+002,
       4.27592102e+002, 2.96768646e+002, 4.50169830e+002,
       3.25555420e+002, 3.39301208e+002, 3.25609100e+002,
       3.59768616e+002, 3.25670227e+002, 3.81988129e+002,
       3.25802917e+002, 4.05199310e+002, 3.25970520e+002,
       4.28475952e+002, 3.25982208e+002, 4.51203674e+002,
       3.49336060e+002, 3.38215454e+002, 3.50460022e+002,
       3.58731201e+002, 3.52232635e+002, 3.80719421e+002,
       3.53560669e+002, 4.03836700e+002, 3.54514374e+002,
       4.27206879e+002, 3.55463959e+002, 4.49902191e+002,
       3.72681854e+002, 3.36347565e+002, 3.75299957e+002,
       3.56534180e+002, 3.78007019e+002, 3.78386200e+002,
       3.80359070e+002, 4.01149261e+002, 3.82506012e+002,
       4.24086945e+002, 3.84254181e+002, 4.46417358e+002,
       3.94851318e+002, 3.33791321e+002, 3.98822205e+002,
       3.53593750e+002, 4.02588226e+002, 3.74853973e+002,
       4.06013611e+002, 3.96824890e+002, 4.09029816e+002,
       4.19030762e+002, 4.11377502e+002, 4.40766754e+002,
       4.16164215e+002, 3.30721741e+002, 4.21072266e+002,
       3.50119873e+002, 4.25545868e+002, 3.70295624e+002,
       4.29729004e+002, 3.91570892e+002, 4.33401764e+002,
       4.12823456e+002, 4.36128540e+002, 4.33703613e+002 ]
