%YAML:1.0
m: !!opencv-matrix
   rows: 9
   cols: 6
   dt: "2f"
   data: [ 1.48564850e+002, 2.47944061e+002, 1.34166229e+002,
       2.56393494e+002, 1.19603096e+002, 2.64983215e+002,
       1.06032059e+002, 2.73532410e+002, 9.32678680e+001,
       2.82289429e+002, 8.15499573e+001, 2.90631958e+002,
       1.56636276e+002, 2.63089264e+002, 1.41469711e+002,
       2.71827667e+002, 1.26763405e+002, 2.81002594e+002,
       1.12502831e+002, 2.90343445e+002, 9.94090958e+001,
       2.99365936e+002, 8.73802185e+001, 3.08201782e+002,
       1.65790100e+002, 2.78659363e+002, 1.50454147e+002,
       2.88368164e+002, 1.35193726e+002, 2.98193329e+002,
       1.20620819e+002, 3.07966644e+002, 1.06987007e+002,
       3.17644226e+002, 9.48352890e+001, 3.26683777e+002,
       1.76571442e+002, 2.95460388e+002, 1.60741287e+002,
       3.05778381e+002, 1.45408936e+002, 3.16405182e+002,
       1.30421860e+002, 3.26786194e+002, 1.16744263e+002,
       3.36789551e+002, 1.04129799e+002, 3.46386444e+002,
       1.88675003e+002, 3.12552338e+002, 1.72878342e+002,
       3.23786957e+002, 1.57255554e+002, 3.35109375e+002,
       1.42291992e+002, 3.46115967e+002, 1.28206604e+002,
       3.56603363e+002, 1.15527992e+002, 3.66361328e+002,
       2.02328033e+002, 3.29964325e+002, 1.86480927e+002,
       3.42072357e+002, 1.70865707e+002, 3.54033325e+002,
       1.55605042e+002, 3.65619995e+002, 1.41641922e+002,
       3.76415588e+002, 1.28637894e+002, 3.86413055e+002,
       2.17076660e+002, 3.47500336e+002, 2.01656647e+002,
       3.60289551e+002, 1.86201645e+002, 3.72788483e+002,
       1.71139145e+002, 3.84834961e+002, 1.56994034e+002,
       3.96053833e+002, 1.44076111e+002, 4.06030090e+002,
       2.33054688e+002, 3.64391571e+002, 2.17817688e+002,
       3.77679382e+002, 2.02770447e+002, 3.90750458e+002,
       1.87743011e+002, 4.03326752e+002, 1.73824005e+002,
       4.14566895e+002, 1.60717804e+002, 4.24680115e+002,
       2.49409164e+002, 3.80427246e+002, 2.35050949e+002,
       3.94308899e+002, 2.20312073e+002, 4.07640411e+002,
       2.05761139e+002, 4.20376434e+002, 1.91757141e+002,
       4.31764557e+002, 1.79020676e+002, 4.41904144e+002 ]
