%YAML:1.0
m: !!opencv-matrix
   rows: 9
   cols: 6
   dt: "2f"
   data: [ 8.57599487e+001, 1.81164307e+002, 9.77257309e+001,
       1.87764664e+002, 1.10728058e+002, 1.94784348e+002,
       1.24668213e+002, 2.02015366e+002, 1.38990967e+002,
       2.08952240e+002, 1.53793839e+002, 2.15907639e+002,
       9.15877457e+001, 1.62968460e+002, 1.03744614e+002,
       1.69999786e+002, 1.17114388e+002, 1.77449448e+002,
       1.31375580e+002, 1.84881622e+002, 1.46177765e+002,
       1.92588074e+002, 1.61211365e+002, 2.00249420e+002,
       9.87964706e+001, 1.44090469e+002, 1.11297668e+002,
       1.51454453e+002, 1.24834824e+002, 1.59131851e+002,
       1.39389908e+002, 1.67233459e+002, 1.54431335e+002,
       1.75344940e+002, 1.69776718e+002, 1.83545837e+002,
       1.07708252e+002, 1.24565964e+002, 1.20413445e+002,
       1.32127167e+002, 1.34249725e+002, 1.40226318e+002,
       1.48999008e+002, 1.48600174e+002, 1.64193008e+002,
       1.57417328e+002, 1.79609695e+002, 1.66271378e+002,
       1.18329559e+002, 1.05132957e+002, 1.31180267e+002,
       1.12654442e+002, 1.45079254e+002, 1.21079811e+002,
       1.59935425e+002, 1.30006836e+002, 1.75204788e+002,
       1.39322571e+002, 1.90694794e+002, 1.48706009e+002,
       1.30480743e+002, 8.57771988e+001, 1.43416473e+002,
       9.35341415e+001, 1.57436737e+002, 1.02130173e+002,
       1.72268143e+002, 1.11473831e+002, 1.87458878e+002,
       1.21291756e+002, 2.02780594e+002, 1.31370331e+002,
       1.44268051e+002, 6.71929169e+001, 1.57286652e+002,
       7.48021088e+001, 1.71197586e+002, 8.36298447e+001,
       1.85800003e+002, 9.33727875e+001, 2.00893494e+002,
       1.03569977e+002, 2.16021988e+002, 1.14223007e+002,
       1.59251999e+002, 4.94357338e+001, 1.72122025e+002,
       5.73389931e+001, 1.85916031e+002, 6.62667313e+001,
       2.00502899e+002, 7.62319336e+001, 2.15193451e+002,
       8.67235794e+001, 2.29740326e+002, 9.78290634e+001,
       1.75162155e+002, 3.32470322e+001, 1.88074783e+002,
       4.09807396e+001, 2.01562531e+002, 5.01006470e+001,
       2.15745575e+002, 6.03273888e+001, 2.29888107e+002,
       7.11878815e+001, 2.44164627e+002, 8.25236664e+001 ]
