%YAML:1.0
m: !!opencv-matrix
   rows: 9
   cols: 6
   dt: "2f"
   data: [ 9.31384430e+001, 2.76830261e+002, 1.09413605e+002,
       2.90914642e+002, 1.26839775e+002, 3.04352295e+002,
       1.45260376e+002, 3.16642212e+002, 1.63531403e+002,
       3.27563202e+002, 1.81529541e+002, 3.37341492e+002,
       9.91417236e+001, 2.59358154e+002, 1.16248276e+002,
       2.74639496e+002, 1.34530807e+002, 2.89132629e+002,
       1.53657761e+002, 3.02407990e+002, 1.72741455e+002,
       3.14340790e+002, 1.91545441e+002, 3.24854431e+002,
       1.07250046e+002, 2.39957916e+002, 1.24917465e+002,
       2.56299866e+002, 1.44173080e+002, 2.71856018e+002,
       1.64020157e+002, 2.86389526e+002, 1.83725586e+002,
       2.99331146e+002, 2.02980270e+002, 3.10929596e+002,
       1.17761780e+002, 2.18567276e+002, 1.36243225e+002,
       2.35894638e+002, 1.56006500e+002, 2.52640732e+002,
       1.76488754e+002, 2.68423401e+002, 1.96677521e+002,
       2.82542877e+002, 2.16239044e+002, 2.95325378e+002,
       1.31235168e+002, 1.95566452e+002, 1.50082108e+002,
       2.13904831e+002, 1.70353806e+002, 2.31819992e+002,
       1.91227646e+002, 2.48855072e+002, 2.11551590e+002,
       2.64374298e+002, 2.31022278e+002, 2.78321381e+002,
       1.47644501e+002, 1.71575058e+002, 1.66761215e+002,
       1.90669357e+002, 1.87260162e+002, 2.09760849e+002,
       2.08078064e+002, 2.28145844e+002, 2.28287918e+002,
       2.44892563e+002, 2.47344208e+002, 2.60071533e+002,
       1.67277618e+002, 1.47156067e+002, 1.86403229e+002,
       1.67002182e+002, 2.06595764e+002, 1.86998840e+002,
       2.27027191e+002, 2.06463104e+002, 2.46631927e+002,
       2.24548782e+002, 2.65080078e+002, 2.41015839e+002,
       1.89245255e+002, 1.23634926e+002, 2.08151550e+002,
       1.43816498e+002, 2.27638870e+002, 1.64628891e+002,
       2.47456299e+002, 1.85100830e+002, 2.66158386e+002,
       2.04205673e+002, 2.83499878e+002, 2.21753525e+002,
       2.12930893e+002, 1.01825882e+002, 2.31262421e+002,
       1.22300781e+002, 2.50145370e+002, 1.43384369e+002,
       2.68613983e+002, 1.64444580e+002, 2.86158173e+002,
       1.84400726e+002, 3.02267303e+002, 2.02849823e+002 ]
