%YAML:1.0
m: !!opencv-matrix
   rows: 9
   cols: 6
   dt: "2f"
   data: [ 1.42729492e+002, 2.08396469e+002, 1.27598495e+002,
       2.27125671e+002, 1.13480400e+002, 2.46772339e+002,
       1.00927322e+002, 2.67075958e+002, 9.04403152e+001,
       2.87036255e+002, 8.22007599e+001, 3.06367157e+002,
       1.57500061e+002, 2.22358002e+002, 1.41890778e+002,
       2.42146652e+002, 1.27461502e+002, 2.62869110e+002,
       1.14451836e+002, 2.84157349e+002, 1.03683311e+002,
       3.04803314e+002, 9.50969467e+001, 3.24589172e+002,
       1.74527908e+002, 2.37386230e+002, 1.58817139e+002,
       2.58247040e+002, 1.44189941e+002, 2.80038452e+002,
       1.30976730e+002, 3.02168274e+002, 1.19789810e+002,
       3.23405853e+002, 1.11038467e+002, 3.43638947e+002,
       1.94056641e+002, 2.53354095e+002, 1.78416901e+002,
       2.75257599e+002, 1.63704803e+002, 2.97845581e+002,
       1.50428970e+002, 3.20697021e+002, 1.39200928e+002,
       3.42580750e+002, 1.29897171e+002, 3.62792877e+002,
       2.15527405e+002, 2.69596558e+002, 2.00356995e+002,
       2.92400177e+002, 1.85785141e+002, 3.15745483e+002,
       1.72533157e+002, 3.39124268e+002, 1.61117493e+002,
       3.61209015e+002, 1.51602661e+002, 3.81450623e+002,
       2.38530472e+002, 2.85801727e+002, 2.24027786e+002,
       3.09246368e+002, 2.09984650e+002, 3.33159332e+002,
       1.96803116e+002, 3.56547119e+002, 1.85371597e+002,
       3.78583099e+002, 1.75585312e+002, 3.98694183e+002,
       2.62479797e+002, 3.01589569e+002, 2.48883636e+002,
       3.25214386e+002, 2.35430450e+002, 3.49221924e+002,
       2.22722656e+002, 3.72578857e+002, 2.11204727e+002,
       3.94441467e+002, 2.01078262e+002, 4.14174927e+002,
       2.86293518e+002, 3.16061127e+002, 2.73782135e+002,
       3.39663025e+002, 2.61214539e+002, 3.63428223e+002,
       2.48756805e+002, 3.86501984e+002, 2.37431030e+002,
       4.07749725e+002, 2.27221786e+002, 4.26903351e+002,
       3.09385742e+002, 3.29141510e+002, 2.97892792e+002,
       3.52253387e+002, 2.86233673e+002, 3.75634369e+002,
       2.74399261e+002, 3.98160919e+002, 2.63330353e+002,
       4.18721954e+002, 2.52789368e+002, 4.37437378e+002 ]
