%YAML:1.0
m: !!opencv-matrix
   rows: 9
   cols: 6
   dt: "2f"
   data: [ 2.46857925e+002, 1.06544067e+002, 2.54045792e+002,
       1.30242081e+002, 2.61214996e+002, 1.52391464e+002,
       2.67822693e+002, 1.72592392e+002, 2.74133484e+002,
       1.90511810e+002, 2.79758118e+002, 2.06524139e+002,
       2.66295135e+002, 1.06493042e+002, 2.72955719e+002,
       1.32727402e+002, 2.79393524e+002, 1.56803772e+002,
       2.85325287e+002, 1.78590225e+002, 2.90812103e+002,
       1.97672668e+002, 2.95608124e+002, 2.14438171e+002,
       2.89846497e+002, 1.07442017e+002, 2.95952850e+002,
       1.36318405e+002, 3.01354645e+002, 1.62530197e+002,
       3.05806091e+002, 1.85753693e+002, 3.10084900e+002,
       2.05637161e+002, 3.13566711e+002, 2.22713379e+002,
       3.18633331e+002, 1.10161926e+002, 3.23307892e+002,
       1.41661438e+002, 3.27085999e+002, 1.69632721e+002,
       3.29697937e+002, 1.94341187e+002, 3.32119446e+002,
       2.14713989e+002, 3.33828674e+002, 2.32112503e+002,
       3.53046936e+002, 1.15406052e+002, 3.55293793e+002,
       1.49464081e+002, 3.56351624e+002, 1.78826752e+002,
       3.56424591e+002, 2.03957504e+002, 3.56421021e+002,
       2.24778595e+002, 3.56066925e+002, 2.41938675e+002,
       3.93111969e+002, 1.24365868e+002, 3.90940399e+002,
       1.60250107e+002, 3.88055359e+002, 1.90316986e+002,
       3.85232697e+002, 2.15348312e+002, 3.82124268e+002,
       2.35598495e+002, 3.79389465e+002, 2.52240143e+002,
       4.37064941e+002, 1.37696564e+002, 4.29607605e+002,
       1.74225952e+002, 4.22279877e+002, 2.03899155e+002,
       4.15333160e+002, 2.28070847e+002, 4.09228058e+002,
       2.47577072e+002, 4.03685852e+002, 2.63298553e+002,
       4.80616699e+002, 1.55341278e+002, 4.68153473e+002,
       1.90726227e+002, 4.56027252e+002, 2.19247314e+002,
       4.45308502e+002, 2.41810303e+002, 4.35866638e+002,
       2.59666351e+002, 4.27689148e+002, 2.74427338e+002,
       5.20013245e+002, 1.75677780e+002, 5.03613892e+002,
       2.08604660e+002, 4.87815704e+002, 2.35032669e+002,
       4.73629028e+002, 2.55825989e+002, 4.61425629e+002,
       2.72370575e+002, 4.51010284e+002, 2.85455963e+002 ]
