%YAML:1.0
m: !!opencv-matrix
   rows: 9
   cols: 6
   dt: "2f"
   data: [ 2.72733521e+002, 3.02457062e+002, 2.69885529e+002,
       3.22156738e+002, 2.66920074e+002, 3.43253296e+002,
       2.64044250e+002, 3.66042969e+002, 2.61622803e+002,
       3.89542786e+002, 2.59833313e+002, 4.13245911e+002,
       2.88082977e+002, 2.94998627e+002, 2.85545776e+002,
       3.15659515e+002, 2.82888794e+002, 3.38560394e+002,
       2.80787842e+002, 3.63348877e+002, 2.79111694e+002,
       3.89153900e+002, 2.76571838e+002, 4.15244965e+002,
       3.05519135e+002, 2.86296936e+002, 3.03952606e+002,
       3.08105499e+002, 3.02486542e+002, 3.32512451e+002,
       3.01370300e+002, 3.59399017e+002, 2.99650024e+002,
       3.87486603e+002, 2.98215271e+002, 4.16495544e+002,
       3.25418427e+002, 2.76048096e+002, 3.25402832e+002,
       2.98681000e+002, 3.25350006e+002, 3.24710541e+002,
       3.25422882e+002, 3.53680481e+002, 3.25476807e+002,
       3.84868134e+002, 3.24546570e+002, 4.16526825e+002,
       3.47430969e+002, 2.64397400e+002, 3.49433197e+002,
       2.87694214e+002, 3.51575867e+002, 3.14788116e+002,
       3.53442291e+002, 3.45818207e+002, 3.55495544e+002,
       3.79514008e+002, 3.56515015e+002, 4.14557129e+002,
       3.71801422e+002, 2.51261353e+002, 3.76466492e+002,
       2.74527191e+002, 3.81391602e+002, 3.02549255e+002,
       3.86466675e+002, 3.35098999e+002, 3.90962524e+002,
       3.71179443e+002, 3.94497742e+002, 4.09184906e+002,
       3.97899078e+002, 2.36591614e+002, 4.05596375e+002,
       2.59687683e+002, 4.14054108e+002, 2.87505432e+002,
       4.22685913e+002, 3.20815216e+002, 4.30985413e+002,
       3.58480255e+002, 4.37380432e+002, 3.98567627e+002,
       4.24548004e+002, 2.21394028e+002, 4.35428986e+002,
       2.43338074e+002, 4.47515564e+002, 2.70516022e+002,
       4.60342529e+002, 3.03256348e+002, 4.72315002e+002,
       3.41062103e+002, 4.81692535e+002, 3.81839691e+002,
       4.50733673e+002, 2.05774185e+002, 4.64518250e+002,
       2.26356842e+002, 4.79770020e+002, 2.51819580e+002,
       4.96019928e+002, 2.83303986e+002, 5.11376190e+002,
       3.19592438e+002, 5.23438293e+002, 3.59647522e+002 ]
