%YAML:1.0
m: !!opencv-matrix
   rows: 9
   cols: 6
   dt: "2f"
   data: [ 2.05437332e+002, 8.55015640e+001, 2.01459686e+002,
       1.09294540e+002, 1.98208954e+002, 1.35741623e+002,
       1.96411133e+002, 1.64591827e+002, 1.95625076e+002,
       1.94548111e+002, 1.96669296e+002, 2.24724579e+002,
       2.28537033e+002, 7.86628418e+001, 2.24841934e+002,
       1.03078079e+002, 2.21953033e+002, 1.30656250e+002,
       2.20274612e+002, 1.61096603e+002, 2.19663773e+002,
       1.93177933e+002, 2.20501099e+002, 2.25462082e+002,
       2.54731384e+002, 7.24129257e+001, 2.51804428e+002,
       9.74279480e+001, 2.49590683e+002, 1.26050659e+002,
       2.48318237e+002, 1.57992691e+002, 2.47933655e+002,
       1.91546082e+002, 2.48534348e+002, 2.25733124e+002,
       2.83929596e+002, 6.72335129e+001, 2.82375061e+002,
       9.26866302e+001, 2.81236542e+002, 1.22257652e+002,
       2.80398956e+002, 1.55341171e+002, 2.80370880e+002,
       1.90424240e+002, 2.80744110e+002, 2.26275192e+002,
       3.15360260e+002, 6.36652031e+001, 3.15370300e+002,
       8.94786453e+001, 3.15396912e+002, 1.19459862e+002,
       3.15481506e+002, 1.53466263e+002, 3.15712158e+002,
       1.89526520e+002, 3.16242035e+002, 2.26513016e+002,
       3.47848175e+002, 6.23428459e+001, 3.49550964e+002,
       8.82663040e+001, 3.51099701e+002, 1.18490860e+002,
       3.52295868e+002, 1.52692703e+002, 3.52832275e+002,
       1.89379379e+002, 3.52914825e+002, 2.26564728e+002,
       3.80315430e+002, 6.31672363e+001, 3.83633423e+002,
       8.89821167e+001, 3.86529938e+002, 1.19316307e+002,
       3.88650421e+002, 1.53404175e+002, 3.89624817e+002,
       1.89587219e+002, 3.89443298e+002, 2.26521393e+002,
       4.10915863e+002, 6.59898758e+001, 4.15702972e+002,
       9.16764679e+001, 4.19694061e+002, 1.21602776e+002,
       4.22539215e+002, 1.55067947e+002, 4.23637909e+002,
       1.90466660e+002, 4.23308228e+002, 2.26423660e+002,
       4.39259979e+002, 7.06720047e+001, 4.44830780e+002,
       9.60038757e+001, 4.49599548e+002, 1.25370811e+002,
       4.52718262e+002, 1.57531921e+002, 4.54194305e+002,
       1.91634445e+002, 4.53391907e+002, 2.26194519e+002 ]
