%YAML:1.0
m: !!opencv-matrix
   rows: 9
   cols: 6
   dt: "2f"
   data: [ 1.56517700e+002, 1.98473267e+002, 1.56725632e+002,
       2.33814621e+002, 1.59671112e+002, 2.68860687e+002,
       1.64888794e+002, 3.01533783e+002, 1.71833176e+002,
       3.30566467e+002, 1.79578354e+002, 3.55806610e+002,
       1.80501282e+002, 1.96193329e+002, 1.80511276e+002,
       2.35245026e+002, 1.83425873e+002, 2.73021759e+002,
       1.88719269e+002, 3.08007874e+002, 1.95686691e+002,
       3.38486023e+002, 2.03099823e+002, 3.64856628e+002,
       2.10487274e+002, 1.94313309e+002, 2.10529160e+002,
       2.36430618e+002, 2.13378082e+002, 2.77229828e+002,
       2.18268005e+002, 3.14403412e+002, 2.24588501e+002,
       3.46181824e+002, 2.30770615e+002, 3.72989502e+002,
       2.47549332e+002, 1.92306778e+002, 2.47605911e+002,
       2.37435623e+002, 2.49917221e+002, 2.80863586e+002,
       2.53746597e+002, 3.20151764e+002, 2.58499268e+002,
       3.52708221e+002, 2.63193695e+002, 3.79721832e+002,
       2.91382965e+002, 1.90491913e+002, 2.91491486e+002,
       2.38028458e+002, 2.92556000e+002, 2.83547058e+002,
       2.94519836e+002, 3.24173950e+002, 2.96607971e+002,
       3.57474548e+002, 2.98743774e+002, 3.84451050e+002,
       3.38884613e+002, 1.89625168e+002, 3.39367645e+002,
       2.38227081e+002, 3.38907867e+002, 2.84543091e+002,
       3.38406006e+002, 3.25523651e+002, 3.37494995e+002,
       3.59249817e+002, 3.36514313e+002, 3.86021759e+002,
       3.86692108e+002, 1.89662079e+002, 3.87057465e+002,
       2.37532547e+002, 3.85454559e+002, 2.83507843e+002,
       3.82265167e+002, 3.24309875e+002, 3.78320465e+002,
       3.57637695e+002, 3.74257996e+002, 3.84584290e+002,
       4.29878601e+002, 1.90603271e+002, 4.30353729e+002,
       2.36538834e+002, 4.27393646e+002, 2.80694885e+002,
       4.22444183e+002, 3.20438629e+002, 4.16272491e+002,
       3.53321686e+002, 4.09584442e+002, 3.80360809e+002,
       4.66232971e+002, 1.92305695e+002, 4.66533905e+002,
       2.35293381e+002, 4.63495361e+002, 2.76950562e+002,
       4.57341797e+002, 3.14700989e+002, 4.49624420e+002,
       3.46937927e+002, 4.41380066e+002, 3.73709442e+002 ]
