%YAML:1.0
m: !!opencv-matrix
   rows: 9
   cols: 6
   dt: "2f"
   data: [ 2.08218246e+002, 3.26278015e+002, 2.04682220e+002,
       3.49649109e+002, 2.02051086e+002, 3.73376709e+002,
       2.00591736e+002, 3.96425934e+002, 2.00596100e+002,
       4.18145081e+002, 2.01622147e+002, 4.37775024e+002,
       2.30830261e+002, 3.29587341e+002, 2.27851395e+002,
       3.54313171e+002, 2.25687408e+002, 3.79160034e+002,
       2.24623245e+002, 4.03499420e+002, 2.24821030e+002,
       4.26007324e+002, 2.25735611e+002, 4.46384949e+002,
       2.56101318e+002, 3.32406982e+002, 2.53910568e+002,
       3.58087402e+002, 2.52508987e+002, 3.84086304e+002,
       2.51679947e+002, 4.09388885e+002, 2.52398941e+002,
       4.32631744e+002, 2.53303009e+002, 4.53523865e+002,
       2.83575958e+002, 3.33811096e+002, 2.82474335e+002,
       3.60523651e+002, 2.81701782e+002, 3.87378052e+002,
       2.81620422e+002, 4.13477081e+002, 2.82333313e+002,
       4.37358826e+002, 2.83177032e+002, 4.58473328e+002,
       3.12557739e+002, 3.34429932e+002, 3.12606903e+002,
       3.61501862e+002, 3.12870789e+002, 3.88596954e+002,
       3.13470612e+002, 4.15272217e+002, 3.13874634e+002,
       4.39441956e+002, 3.14553101e+002, 4.60676208e+002,
       3.42249207e+002, 3.33566589e+002, 3.43474182e+002,
       3.60489929e+002, 3.44604431e+002, 3.87562469e+002,
       3.45524933e+002, 4.14379730e+002, 3.46484802e+002,
       4.38582336e+002, 3.46720703e+002, 4.59882629e+002,
       3.71380280e+002, 3.31018585e+002, 3.73869873e+002,
       3.57687744e+002, 3.76112549e+002, 3.84683380e+002,
       3.77547791e+002, 4.10789429e+002, 3.78517700e+002,
       4.34806732e+002, 3.78478577e+002, 4.56094696e+002,
       3.98963409e+002, 3.27428162e+002, 4.02553070e+002,
       3.53478851e+002, 4.05471985e+002, 3.79517517e+002,
       4.07596375e+002, 4.05195831e+002, 4.08467194e+002,
       4.28532410e+002, 4.08553864e+002, 4.49613739e+002,
       4.24466766e+002, 3.23013855e+002, 4.28845245e+002,
       3.47691071e+002, 4.32537476e+002, 3.73000153e+002,
       4.34724304e+002, 3.97599548e+002, 4.35895966e+002,
       4.20453217e+002, 4.35614441e+002, 4.40833496e+002 ]
