%YAML:1.0
m: !!opencv-matrix
   rows: 9
   cols: 6
   dt: "2f"
   data: [ 1.75898010e+002, 6.28812790e+001, 1.84103592e+002,
       8.62120819e+001, 1.92842545e+002, 1.08582397e+002,
       2.01854126e+002, 1.29605835e+002, 2.10661606e+002,
       1.48568680e+002, 2.18952576e+002, 1.65545959e+002,
       2.00252640e+002, 5.31812515e+001, 2.07658463e+002,
       7.86783142e+001, 2.15846802e+002, 1.03185646e+002,
       2.24205353e+002, 1.25808159e+002, 2.32120667e+002,
       1.45983185e+002, 2.39318298e+002, 1.64422791e+002,
       2.28948486e+002, 4.40321579e+001, 2.35496460e+002,
       7.17187958e+001, 2.42420959e+002, 9.81851730e+001,
       2.49415146e+002, 1.22422668e+002, 2.55928497e+002,
       1.43905426e+002, 2.61795929e+002, 1.63425171e+002,
       2.62384277e+002, 3.66088676e+001, 2.67277130e+002,
       6.60561066e+001, 2.72564484e+002, 9.42973175e+001,
       2.77535339e+002, 1.19923622e+002, 2.82248779e+002,
       1.42387741e+002, 2.86352051e+002, 1.62431503e+002,
       2.99403046e+002, 3.17548180e+001, 3.02297150e+002,
       6.24902916e+001, 3.05167999e+002, 9.16800461e+001,
       3.07699127e+002, 1.18460739e+002, 3.10082733e+002,
       1.41594559e+002, 3.12001251e+002, 1.61911682e+002,
       3.38514404e+002, 3.03481503e+001, 3.38906097e+002,
       6.15745125e+001, 3.39142761e+002, 9.13897324e+001,
       3.38998230e+002, 1.18358612e+002, 3.38688080e+002,
       1.41642792e+002, 3.38526947e+002, 1.62006989e+002,
       3.77782379e+002, 3.27257004e+001, 3.75664093e+002,
       6.35997543e+001, 3.73210541e+002, 9.28172226e+001,
       3.70324310e+002, 1.19349792e+002, 3.67549011e+002,
       1.42606720e+002, 3.64991211e+002, 1.62656876e+002,
       4.14601715e+002, 3.85621872e+001, 4.10373474e+002,
       6.83770065e+001, 4.05386108e+002, 9.63688431e+001,
       4.00199371e+002, 1.21917458e+002, 3.95100830e+002,
       1.44285889e+002, 3.90433014e+002, 1.63996765e+002,
       4.47383057e+002, 4.70897331e+001, 4.41600525e+002,
       7.47191620e+001, 4.34695984e+002, 1.01315376e+002,
       4.27697968e+002, 1.25434685e+002, 4.20869781e+002,
       1.46847351e+002, 4.14464661e+002, 1.65579483e+002 ]
