%YAML:1.0
m: !!opencv-matrix
   rows: 9
   cols: 6
   dt: "2f"
   data: [ 3.70436127e+002, 3.05494728e+001, 3.66577637e+002,
       6.00510712e+001, 3.62760315e+002, 8.67785416e+001,
       3.59390106e+002, 1.10204041e+002, 3.56512878e+002,
       1.30001953e+002, 3.54006561e+002, 1.46448227e+002,
       4.06361237e+002, 4.38775368e+001, 3.98664520e+002,
       7.46019821e+001, 3.91295471e+002, 1.01820686e+002,
       3.84643005e+002, 1.25340416e+002, 3.79028168e+002,
       1.44534180e+002, 3.74214325e+002, 1.60938080e+002,
       4.44583923e+002, 6.31144218e+001, 4.32675598e+002,
       9.34723740e+001, 4.21375610e+002, 1.20147171e+002,
       4.11165863e+002, 1.42545242e+002, 4.02635132e+002,
       1.60915421e+002, 3.95047546e+002, 1.76267975e+002,
       4.82837769e+002, 8.77353821e+001, 4.66628021e+002,
       1.16548225e+002, 4.51418793e+002, 1.41171463e+002,
       4.37773285e+002, 1.61905869e+002, 4.26307373e+002,
       1.78604568e+002, 4.16398315e+002, 1.92506790e+002,
       5.17450745e+002, 1.16853783e+002, 4.97884918e+002,
       1.42338608e+002, 4.79483948e+002, 1.64066879e+002,
       4.63062561e+002, 1.82237396e+002, 4.48905457e+002,
       1.96935699e+002, 4.36809113e+002, 2.08997498e+002,
       5.45925415e+002, 1.47621338e+002, 5.24581543e+002,
       1.69164291e+002, 5.04275757e+002, 1.87446823e+002,
       4.85900726e+002, 2.02679932e+002, 4.69922791e+002,
       2.15256882e+002, 4.56287384e+002, 2.25377518e+002,
       5.67687805e+002, 1.77882156e+002, 5.46088501e+002,
       1.95458603e+002, 5.25106384e+002, 2.10385330e+002,
       5.05808899e+002, 2.22711823e+002, 4.88759583e+002,
       2.32976944e+002, 4.73931702e+002, 2.41309586e+002,
       5.82860596e+002, 2.05377106e+002, 5.62147583e+002,
       2.19681076e+002, 5.41619385e+002, 2.31604874e+002,
       5.22274292e+002, 2.41539902e+002, 5.05048157e+002,
       2.49521210e+002, 4.89553528e+002, 2.56342041e+002,
       5.93112671e+002, 2.29285690e+002, 5.73787720e+002,
       2.41081146e+002, 5.54312012e+002, 2.50682434e+002,
       5.35664307e+002, 2.58635895e+002, 5.18564575e+002,
       2.65053955e+002, 5.03313416e+002, 2.70286102e+002 ]
