%YAML:1.0
m: !!opencv-matrix
   rows: 9
   cols: 6
   dt: "2f"
   data: [ 3.54219452e+002, 3.26845001e+002, 3.60950104e+002,
       3.50009125e+002, 3.68548004e+002, 3.76269745e+002,
       3.76842926e+002, 4.04860535e+002, 3.85533539e+002,
       4.34245544e+002, 3.93558289e+002, 4.61987396e+002,
       3.80558441e+002, 3.12240936e+002, 3.90075775e+002,
       3.34623322e+002, 4.00774536e+002, 3.60606476e+002,
       4.12523926e+002, 3.89366333e+002, 4.24280884e+002,
       4.19118805e+002, 4.34752045e+002, 4.47569794e+002,
       4.07083862e+002, 2.95580383e+002, 4.19497375e+002,
       3.16805084e+002, 4.33486603e+002, 3.41453552e+002,
       4.48507782e+002, 3.69210632e+002, 4.63335205e+002,
       3.98099152e+002, 4.76264313e+002, 4.25962067e+002,
       4.32798340e+002, 2.77631378e+002, 4.47822418e+002,
       2.96873230e+002, 4.64632019e+002, 3.19540833e+002,
       4.82467682e+002, 3.45060242e+002, 4.99677612e+002,
       3.71971802e+002, 5.14606750e+002, 3.98335480e+002,
       4.56655701e+002, 2.59282135e+002, 4.73640961e+002,
       2.76313995e+002, 4.92365631e+002, 2.96307861e+002,
       5.11926514e+002, 3.18876373e+002, 5.30650513e+002,
       3.43078156e+002, 5.46700378e+002, 3.66989502e+002,
       4.77951630e+002, 2.41199890e+002, 4.96161469e+002,
       2.55907593e+002, 5.15723999e+002, 2.73207123e+002,
       5.35987427e+002, 2.92698547e+002, 5.55226624e+002,
       3.13718811e+002, 5.71357483e+002, 3.35118652e+002,
       4.96514648e+002, 2.23725204e+002, 5.14973145e+002,
       2.36504700e+002, 5.34669678e+002, 2.51154968e+002,
       5.54704224e+002, 2.67796722e+002, 5.73374634e+002,
       2.85844604e+002, 5.89207703e+002, 3.04501617e+002,
       5.11953918e+002, 2.07856873e+002, 5.30329346e+002,
       2.18606079e+002, 5.49417847e+002, 2.31173767e+002,
       5.68567688e+002, 2.45362991e+002, 5.86288940e+002,
       2.60935944e+002, 6.01259827e+002, 2.77064606e+002,
       5.24947876e+002, 1.93476013e+002, 5.42492493e+002,
       2.02606476e+002, 5.60678772e+002, 2.13322006e+002,
       5.78538391e+002, 2.25549423e+002, 5.95236938e+002,
       2.39004837e+002, 6.09099792e+002, 2.53237427e+002 ]
