%YAML:1.0
m: !!opencv-matrix
   rows: 9
   cols: 6
   dt: "2f"
   data: [ 1.68340363e+002, 1.76678680e+002, 1.48566330e+002,
       1.82390808e+002, 1.28117188e+002, 1.88694550e+002,
       1.07768585e+002, 1.95858902e+002, 8.84907990e+001,
       2.03583054e+002, 7.06847153e+001, 2.11723999e+002,
       1.77383438e+002, 1.91413864e+002, 1.56384613e+002,
       1.97964828e+002, 1.34569534e+002, 2.05470062e+002,
       1.12591393e+002, 2.13677338e+002, 9.17550354e+001,
       2.22593933e+002, 7.26598587e+001, 2.31662064e+002,
       1.88264465e+002, 2.07865372e+002, 1.66254410e+002,
       2.15869263e+002, 1.43058884e+002, 2.24790268e+002,
       1.19589424e+002, 2.34580582e+002, 9.71920242e+001,
       2.44851746e+002, 7.67962265e+001, 2.55252090e+002,
       2.01649780e+002, 2.26601501e+002, 1.78680359e+002,
       2.36377686e+002, 1.54422409e+002, 2.47212021e+002,
       1.29378876e+002, 2.58835297e+002, 1.05528259e+002,
       2.70748779e+002, 8.37927780e+001, 2.82500092e+002,
       2.17563370e+002, 2.47289673e+002, 1.94268280e+002,
       2.59115417e+002, 1.69010086e+002, 2.72261597e+002,
       1.42925568e+002, 2.86147919e+002, 1.17687973e+002,
       3.00059540e+002, 9.48877487e+001, 3.13252075e+002,
       2.36068451e+002, 2.69442291e+002, 2.12843094e+002,
       2.83677368e+002, 1.87416351e+002, 2.99420898e+002,
       1.60686417e+002, 3.15948151e+002, 1.34825485e+002,
       3.31999359e+002, 1.11133659e+002, 3.46687988e+002,
       2.57191681e+002, 2.92606506e+002, 2.34849182e+002,
       3.09555145e+002, 2.09932510e+002, 3.27861267e+002,
       1.83519531e+002, 3.47059601e+002, 1.57395737e+002,
       3.65340393e+002, 1.33463913e+002, 3.81365448e+002,
       2.80162720e+002, 3.15613159e+002, 2.59370117e+002,
       3.34874756e+002, 2.35869370e+002, 3.55786194e+002,
       2.10524902e+002, 3.77278107e+002, 1.85194794e+002,
       3.97314972e+002, 1.61276672e+002, 4.14325684e+002,
       3.03871918e+002, 3.37731110e+002, 2.85433655e+002,
       3.58746765e+002, 2.64016083e+002, 3.81525391e+002,
       2.40529205e+002, 4.04514465e+002, 2.16477951e+002,
       4.25720215e+002, 1.93489594e+002, 4.43408875e+002 ]
