%YAML:1.0
m: !!opencv-matrix
   rows: 9
   cols: 6
   dt: "2f"
   data: [ 8.41232834e+001, 2.39528748e+002, 1.02160385e+002,
       2.48452255e+002, 1.21503517e+002, 2.56665283e+002,
       1.41550339e+002, 2.64319122e+002, 1.61474350e+002,
       2.70795563e+002, 1.80832855e+002, 2.76565521e+002,
       8.76224136e+001, 2.17389496e+002, 1.06517166e+002,
       2.27241791e+002, 1.26937683e+002, 2.36565674e+002,
       1.47997864e+002, 2.45290710e+002, 1.68760681e+002,
       2.52790878e+002, 1.88989258e+002, 2.59711609e+002,
       9.35164719e+001, 1.92992783e+002, 1.13220520e+002,
       2.03695496e+002, 1.34388153e+002, 2.14198273e+002,
       1.56280182e+002, 2.24037689e+002, 1.77785172e+002,
       2.32801682e+002, 1.98520370e+002, 2.41154221e+002,
       1.01889534e+002, 1.66294250e+002, 1.22427460e+002,
       1.77906570e+002, 1.44287186e+002, 1.89619995e+002,
       1.66802734e+002, 2.00795044e+002, 1.88713425e+002,
       2.11165726e+002, 2.09736160e+002, 2.20639847e+002,
       1.13679970e+002, 1.38144760e+002, 1.34536285e+002,
       1.50696075e+002, 1.56796402e+002, 1.63600449e+002,
       1.79596451e+002, 1.76405182e+002, 2.01645065e+002,
       1.88224762e+002, 2.22503036e+002, 1.99271866e+002,
       1.28732681e+002, 1.09426285e+002, 1.49783630e+002,
       1.22815437e+002, 1.72109497e+002, 1.36954666e+002,
       1.94675705e+002, 1.51168121e+002, 2.16476822e+002,
       1.64610474e+002, 2.36793427e+002, 1.77077789e+002,
       1.47227112e+002, 8.11550064e+001, 1.67854202e+002,
       9.54039459e+001, 1.89819885e+002, 1.10513718e+002,
       2.11824875e+002, 1.25912537e+002, 2.32877945e+002,
       1.40806732e+002, 2.52460144e+002, 1.54899918e+002,
       1.68167770e+002, 5.48255730e+001, 1.88374451e+002,
       6.94866638e+001, 2.09460739e+002, 8.54908905e+001,
       2.30438309e+002, 1.02043808e+002, 2.50345139e+002,
       1.18138817e+002, 2.68758392e+002, 1.33395432e+002,
       1.90687393e+002, 3.14735508e+001, 2.10127380e+002,
       4.63692322e+001, 2.30093369e+002, 6.27468376e+001,
       2.49711761e+002, 7.99414597e+001, 2.68295410e+002,
       9.68246613e+001, 2.85354706e+002, 1.13185326e+002 ]
