%YAML:1.0
m: !!opencv-matrix
   rows: 9
   cols: 6
   dt: "2f"
   data: [ 9.92830200e+001, 2.27127930e+002, 1.17594131e+002,
       2.48508957e+002, 1.37795868e+002, 2.68614777e+002,
       1.58964859e+002, 2.87129608e+002, 1.79998611e+002,
       3.03138672e+002, 2.00201447e+002, 3.16828400e+002,
       1.12647888e+002, 2.05321213e+002, 1.31658142e+002,
       2.28178131e+002, 1.52570877e+002, 2.49878830e+002,
       1.74394440e+002, 2.69828247e+002, 1.95674713e+002,
       2.87244598e+002, 2.16108932e+002, 3.02369263e+002,
       1.29870865e+002, 1.81639374e+002, 1.49361877e+002,
       2.05772751e+002, 1.70611801e+002, 2.29106094e+002,
       1.92580994e+002, 2.50625122e+002, 2.13914932e+002,
       2.69518921e+002, 2.33963242e+002, 2.85907806e+002,
       1.51237015e+002, 1.56788986e+002, 1.70772186e+002,
       1.81978149e+002, 1.91992218e+002, 2.06642822e+002,
       2.13669342e+002, 2.29708160e+002, 2.34398880e+002,
       2.50178818e+002, 2.53650818e+002, 2.67966064e+002,
       1.76190903e+002, 1.32056213e+002, 1.95532074e+002,
       1.58012421e+002, 2.16241562e+002, 1.83692093e+002,
       2.36813293e+002, 2.08115356e+002, 2.56566467e+002,
       2.29880203e+002, 2.74680054e+002, 2.49143188e+002,
       2.03683044e+002, 1.08750206e+002, 2.22543793e+002,
       1.34888718e+002, 2.42147064e+002, 1.61292068e+002,
       2.61549622e+002, 1.86477951e+002, 2.79696136e+002,
       2.09482086e+002, 2.96176849e+002, 2.29800964e+002,
       2.32733322e+002, 8.78739700e+001, 2.50610764e+002,
       1.13838654e+002, 2.68877869e+002, 1.40306442e+002,
       2.86603912e+002, 1.65990005e+002, 3.02931519e+002,
       1.89551819e+002, 3.17625244e+002, 2.10822739e+002,
       2.61281311e+002, 7.04082108e+001, 2.78048462e+002,
       9.56936111e+001, 2.94706482e+002, 1.21709763e+002,
       3.10704071e+002, 1.47323395e+002, 3.25193115e+002,
       1.71110458e+002, 3.38221893e+002, 1.92781128e+002,
       2.88155426e+002, 5.63852425e+001, 3.03734070e+002,
       8.06657257e+001, 3.18905243e+002, 1.05841995e+002,
       3.33145660e+002, 1.30837128e+002, 3.45871307e+002,
       1.54455978e+002, 3.57258667e+002, 1.76232742e+002 ]
