%YAML:1.0
m: !!opencv-matrix
   rows: 9
   cols: 6
   dt: "2f"
   data: [ 1.50735626e+002, 1.61539886e+002, 1.32862411e+002,
       1.76429596e+002, 1.14406097e+002, 1.93715088e+002,
       9.60842438e+001, 2.13500809e+002, 7.91586227e+001,
       2.35272339e+002, 6.46860275e+001, 2.58258545e+002,
       1.67572220e+002, 1.71454315e+002, 1.49304077e+002,
       1.87564560e+002, 1.30099091e+002, 2.06635880e+002,
       1.10570297e+002, 2.28567642e+002, 9.26017532e+001,
       2.52755173e+002, 7.70967865e+001, 2.78279846e+002,
       1.87321472e+002, 1.82560425e+002, 1.69264328e+002,
       2.00364334e+002, 1.49659515e+002, 2.21437622e+002,
       1.29650238e+002, 2.45884979e+002, 1.10794601e+002,
       2.72918274e+002, 9.46376266e+001, 3.01240021e+002,
       2.10434692e+002, 1.94934738e+002, 1.93017548e+002,
       2.14563141e+002, 1.74086029e+002, 2.38008408e+002,
       1.54210419e+002, 2.65344330e+002, 1.35187683e+002,
       2.95367676e+002, 1.18637947e+002, 3.26597443e+002,
       2.36200912e+002, 2.08460892e+002, 2.20576630e+002,
       2.29852539e+002, 2.03034409e+002, 2.55730667e+002,
       1.84344620e+002, 2.85736450e+002, 1.66125824e+002,
       3.18703064e+002, 1.50030807e+002, 3.52707611e+002,
       2.64253937e+002, 2.22539963e+002, 2.51051880e+002,
       2.45817001e+002, 2.35976151e+002, 2.73644073e+002,
       2.19503143e+002, 3.06106812e+002, 2.03149078e+002,
       3.41408325e+002, 1.88226227e+002, 3.77334747e+002,
       2.93619965e+002, 2.36819153e+002, 2.83380157e+002,
       2.61555817e+002, 2.71525146e+002, 2.90858276e+002,
       2.58284302e+002, 3.24681030e+002, 2.44525742e+002,
       3.61271393e+002, 2.31469925e+002, 3.97962372e+002,
       3.22596039e+002, 2.50430557e+002, 3.15451233e+002,
       2.76030457e+002, 3.06937653e+002, 3.05786041e+002,
       2.97183319e+002, 3.40170715e+002, 2.86465881e+002,
       3.76454712e+002, 2.75664215e+002, 4.12712982e+002,
       3.50330353e+002, 2.63217194e+002, 3.45998779e+002,
       2.88589661e+002, 3.40509460e+002, 3.18567139e+002,
       3.33777649e+002, 3.51676483e+002, 3.26013214e+002,
       3.86749481e+002, 3.17294434e+002, 4.21428345e+002 ]
