%YAML:1.0
m: !!opencv-matrix
   rows: 9
   cols: 6
   dt: "2f"
   data: [ 2.44697418e+002, 6.04041328e+001, 2.47479080e+002,
       8.84935989e+001, 2.50978378e+002, 1.16098434e+002,
       2.54784882e+002, 1.42318558e+002, 2.58858582e+002,
       1.66186768e+002, 2.62494049e+002, 1.87737961e+002,
       2.66440582e+002, 5.75036430e+001, 2.68505890e+002,
       8.87077637e+001, 2.71271179e+002, 1.19389755e+002,
       2.74492065e+002, 1.48104584e+002, 2.77870819e+002,
       1.73598145e+002, 2.80451050e+002, 1.96667587e+002,
       2.93453461e+002, 5.54685745e+001, 2.94528442e+002,
       9.04388733e+001, 2.96394867e+002, 1.24281532e+002,
       2.98162323e+002, 1.55371674e+002, 3.00273621e+002,
       1.82612106e+002, 3.01393005e+002, 2.06662216e+002,
       3.27262177e+002, 5.53846130e+001, 3.26717285e+002,
       9.40428772e+001, 3.26543365e+002, 1.31187164e+002,
       3.26344971e+002, 1.64808487e+002, 3.26106689e+002,
       1.93365738e+002, 3.25417023e+002, 2.17786560e+002,
       3.68429382e+002, 5.82420692e+001, 3.65575287e+002,
       1.00845383e+002, 3.62293579e+002, 1.41138489e+002,
       3.58616669e+002, 1.76337463e+002, 3.55195618e+002,
       2.05782837e+002, 3.51719330e+002, 2.30313492e+002,
       4.15697754e+002, 6.65060883e+001, 4.10002563e+002,
       1.12048012e+002, 4.02401459e+002, 1.54057602e+002,
       3.94469727e+002, 1.90290115e+002, 3.87028168e+002,
       2.19654831e+002, 3.80436768e+002, 2.43659744e+002,
       4.66358765e+002, 8.16780472e+001, 4.56792389e+002,
       1.28072372e+002, 4.44569183e+002, 1.70360886e+002,
       4.31944550e+002, 2.05978027e+002, 4.20309387e+002,
       2.34670624e+002, 4.09819366e+002, 2.57411591e+002,
       5.13479858e+002, 1.03026764e+002, 5.00743408e+002,
       1.48177689e+002, 4.84663300e+002, 1.88677475e+002,
       4.67866180e+002, 2.22659775e+002, 4.52440826e+002,
       2.49451996e+002, 4.38713959e+002, 2.70992096e+002,
       5.52252014e+002, 1.28156708e+002, 5.37972656e+002,
       1.69896896e+002, 5.19635315e+002, 2.07740158e+002,
       5.00154968e+002, 2.39075806e+002, 4.82035706e+002,
       2.63811218e+002, 4.65741882e+002, 2.83455719e+002 ]
