%YAML:1.0
m: !!opencv-matrix
   rows: 9
   cols: 6
   dt: "2f"
   data: [ 2.82369843e+002, 2.52095352e+002, 2.77064880e+002,
       2.74815460e+002, 2.71507904e+002, 3.00201813e+002,
       2.65743164e+002, 3.27899506e+002, 2.60466583e+002,
       3.57051575e+002, 2.55681732e+002, 3.86318146e+002,
       3.01706207e+002, 2.43409760e+002, 2.97346283e+002,
       2.67350922e+002, 2.92542023e+002, 2.94918213e+002,
       2.87366882e+002, 3.25593445e+002, 2.82537750e+002,
       3.58353943e+002, 2.77483246e+002, 3.91326447e+002,
       3.24288025e+002, 2.33086548e+002, 3.21465668e+002,
       2.58247131e+002, 3.18302948e+002, 2.87724243e+002,
       3.14500488e+002, 3.21681915e+002, 3.10544281e+002,
       3.58480469e+002, 3.05860138e+002, 3.95714996e+002,
       3.50137573e+002, 2.20990036e+002, 3.49706329e+002,
       2.46944458e+002, 3.49467987e+002, 2.78378052e+002,
       3.48342010e+002, 3.15354889e+002, 3.46263000e+002,
       3.56428314e+002, 3.42688782e+002, 3.98741058e+002,
       3.78635925e+002, 2.07464050e+002, 3.81979218e+002,
       2.33466110e+002, 3.85397064e+002, 2.65905640e+002,
       3.88490906e+002, 3.05553802e+002, 3.89745148e+002,
       3.50648560e+002, 3.88808533e+002, 3.98155792e+002,
       4.09292999e+002, 1.92654938e+002, 4.16922363e+002,
       2.18138077e+002, 4.25267517e+002, 2.50718521e+002,
       4.33606720e+002, 2.91535553e+002, 4.40327759e+002,
       3.39257782e+002, 4.42697723e+002, 3.90440826e+002,
       4.40520477e+002, 1.77353363e+002, 4.52529816e+002,
       2.01557404e+002, 4.66127106e+002, 2.33028732e+002,
       4.80325562e+002, 2.73239197e+002, 4.92358643e+002,
       3.21101929e+002, 4.98587189e+002, 3.73363434e+002,
       4.70368103e+002, 1.62396149e+002, 4.86074524e+002,
       1.84838272e+002, 5.03891205e+002, 2.14393250e+002,
       5.22483093e+002, 2.52225616e+002, 5.38456482e+002,
       2.97698669e+002, 5.47623535e+002, 3.47693024e+002,
       4.97423340e+002, 1.48737579e+002, 5.15612305e+002,
       1.69252380e+002, 5.35852539e+002, 1.96212875e+002,
       5.56594482e+002, 2.30598572e+002, 5.74229675e+002,
       2.72155609e+002, 5.84405273e+002, 3.18149200e+002 ]
