%YAML:1.0
m: !!opencv-matrix
   rows: 4
   cols: 1
   dt: d
   data: [ -2.5618266985661532e-002, 2.1381116147451567e-002,
       -5.3128389572159934e-003, -7.1807559680166330e-004 ]
