%YAML:1.0
m: !!opencv-matrix
   rows: 3
   cols: 3
   dt: d
   data: [ 2.8410240208785331e+002, 0., 4.7988381589290799e+002, 0.,
       2.8417950112489353e+002, 4.7877883126544788e+002, 0., 0., 1. ]
